{
 "cells": [
  {
   "cell_type": "markdown",
   "id": "b57b741b",
   "metadata": {},
   "source": [
    "# Analyze Baselines"
   ]
  },
  {
   "cell_type": "code",
   "execution_count": 241,
   "id": "16a7d3b4",
   "metadata": {},
   "outputs": [],
   "source": [
    "from pathlib import Path\n",
    "import json\n",
    "\n",
    "import pandas as pd"
   ]
  },
  {
   "cell_type": "code",
   "execution_count": 242,
   "id": "e6ed125f",
   "metadata": {},
   "outputs": [],
   "source": [
    "from temp import (\n",
    "    mis_metrics,\n",
    "    plot_mis_predictions,\n",
    "    temp_metrics\n",
    ")"
   ]
  },
  {
   "cell_type": "markdown",
   "id": "427d773d",
   "metadata": {},
   "source": [
    "## Load Original Flows"
   ]
  },
  {
   "cell_type": "code",
   "execution_count": 243,
   "id": "1cbed3e3",
   "metadata": {},
   "outputs": [],
   "source": [
    "# Configuration\n",
    "dataset = \"aitv2\"\n",
    "scenario = \"santos\"\n",
    "\n",
    "out_dir = Path(f\"../reports/{dataset}/{scenario}/baselines/temp\")\n",
    "out_dir.mkdir(parents=True, exist_ok=True)"
   ]
  },
  {
   "cell_type": "code",
   "execution_count": 244,
   "id": "bbd37a2e",
   "metadata": {},
   "outputs": [],
   "source": [
    "df = pd.read_csv(\n",
    "    f\"../data/interim/{dataset}/{scenario}/flows_labeled/all_flows_labeled.csv\"\n",
    ")\n",
    "\n",
    "df = df.sort_values(\"start_time\").reset_index(drop=True)\n",
    "df['t_rel'] = df['start_time'] - df['start_time'].min()"
   ]
  },
  {
   "cell_type": "code",
   "execution_count": 245,
   "id": "8f60f258",
   "metadata": {},
   "outputs": [],
   "source": [
    "phase_bounds = (\n",
    "    df[df['phase'] > 0]\n",
    "    .groupby('phase')['t_rel']\n",
    "    .agg(['min', 'max'])\n",
    ")\n",
    "\n",
    "phase_start = phase_bounds['min'].to_dict()\n",
    "phase_end   = phase_bounds['max'].to_dict()"
   ]
  },
  {
   "cell_type": "code",
   "execution_count": 246,
   "id": "d141e37d",
   "metadata": {},
   "outputs": [
    {
     "data": {
      "text/html": [
       "<div>\n",
       "<style scoped>\n",
       "    .dataframe tbody tr th:only-of-type {\n",
       "        vertical-align: middle;\n",
       "    }\n",
       "\n",
       "    .dataframe tbody tr th {\n",
       "        vertical-align: top;\n",
       "    }\n",
       "\n",
       "    .dataframe thead th {\n",
       "        text-align: right;\n",
       "    }\n",
       "</style>\n",
       "<table border=\"1\" class=\"dataframe\">\n",
       "  <thead>\n",
       "    <tr style=\"text-align: right;\">\n",
       "      <th></th>\n",
       "      <th>min</th>\n",
       "      <th>max</th>\n",
       "    </tr>\n",
       "    <tr>\n",
       "      <th>phase</th>\n",
       "      <th></th>\n",
       "      <th></th>\n",
       "    </tr>\n",
       "  </thead>\n",
       "  <tbody>\n",
       "    <tr>\n",
       "      <th>1</th>\n",
       "      <td>7.305590</td>\n",
       "      <td>198962.549623</td>\n",
       "    </tr>\n",
       "    <tr>\n",
       "      <th>2</th>\n",
       "      <td>299710.474974</td>\n",
       "      <td>300162.491487</td>\n",
       "    </tr>\n",
       "    <tr>\n",
       "      <th>3</th>\n",
       "      <td>300174.736570</td>\n",
       "      <td>300251.641905</td>\n",
       "    </tr>\n",
       "    <tr>\n",
       "      <th>4</th>\n",
       "      <td>300253.783838</td>\n",
       "      <td>302244.616236</td>\n",
       "    </tr>\n",
       "  </tbody>\n",
       "</table>\n",
       "</div>"
      ],
      "text/plain": [
       "                 min            max\n",
       "phase                              \n",
       "1           7.305590  198962.549623\n",
       "2      299710.474974  300162.491487\n",
       "3      300174.736570  300251.641905\n",
       "4      300253.783838  302244.616236"
      ]
     },
     "execution_count": 246,
     "metadata": {},
     "output_type": "execute_result"
    }
   ],
   "source": [
    "phase_bounds"
   ]
  },
  {
   "cell_type": "markdown",
   "id": "1147e3cb",
   "metadata": {},
   "source": [
    "## Temp Plots and Custom Metrics"
   ]
  },
  {
   "cell_type": "code",
   "execution_count": 247,
   "id": "e1013d3c",
   "metadata": {},
   "outputs": [
    {
     "name": "stdout",
     "output_type": "stream",
     "text": [
      "108\n"
     ]
    }
   ],
   "source": [
    "models = [\n",
    "    \"multiclass\",\n",
    "    \"ensemble\",\n",
    "]\n",
    "\n",
    "file_paths = []\n",
    "\n",
    "for model in models:\n",
    "    folder = Path(f\"../experiments/{dataset}/{scenario}/baselines/{model}/metrics/\")\n",
    "    file_paths.extend(list(folder.iterdir()))\n",
    "\n",
    "print(len(file_paths))"
   ]
  },
  {
   "cell_type": "code",
   "execution_count": 248,
   "id": "4ec4556f",
   "metadata": {},
   "outputs": [],
   "source": [
    "results = []\n",
    "\n",
    "for file_path in file_paths:\n",
    "\n",
    "    with open(file_path) as f:\n",
    "        metrics = json.load(f)\n",
    "\n",
    "    experiment_name = file_path.stem\n",
    "\n",
    "    if \"multiclass\" in experiment_name:\n",
    "        model = \"multiclass\"\n",
    "    elif \"ensemble\" in experiment_name:\n",
    "        model = \"ensemble\"\n",
    "\n",
    "    # --- Load misclassification info ---\n",
    "    real_flow_indices = metrics[\"real_flow_indices\"]\n",
    "    mis_y_pred = metrics[\"y_pred\"]\n",
    "    mis_y_true = metrics[\"y_true\"]\n",
    "\n",
    "    mis_df = df.iloc[real_flow_indices].copy()\n",
    "    mis_df[\"y_true\"] = mis_y_true\n",
    "    mis_df[\"y_pred\"] = mis_y_pred\n",
    "\n",
    "    # --- Compute violation categories ---\n",
    "    wrong, hard, soft, plausible = mis_metrics(mis_df, phase_start)\n",
    "    hard_rate, soft_rate, temp_score = temp_metrics(metrics[\"Macro F1\"], wrong, hard, soft)\n",
    "\n",
    "    # --- Collect everything ---\n",
    "    results.append({\n",
    "        \"model\": f\"{experiment_name}\",\n",
    "        \"accuracy\": metrics[\"Accuracy\"],\n",
    "        \"precision\" : metrics[\"Macro Precision\"],\n",
    "        \"recall\" : metrics[\"Macro Recall\"], \n",
    "        \"f1\": metrics[\"Macro F1\"],\n",
    "        \"total_wrong\": len(wrong),\n",
    "        \"hard_violations\": len(hard),\n",
    "        \"soft_violations\": len(soft),\n",
    "        \"hard_rate\": hard_rate,\n",
    "        \"soft_rate\": soft_rate,\n",
    "        \"temporal_score\": temp_score\n",
    "    })\n",
    "\n",
    "    # Create plots\n",
    "    # plot_mis_predictions(df, phase_bounds, plausible, soft, hard, total_wrong, soft_rate, hard_rate, experiment_name, out_dir, show_plot=False)"
   ]
  },
  {
   "cell_type": "markdown",
   "id": "05eac4ad",
   "metadata": {},
   "source": [
    "## Create Metrics File"
   ]
  },
  {
   "cell_type": "code",
   "execution_count": 249,
   "id": "3c4b9d63",
   "metadata": {},
   "outputs": [],
   "source": [
    "results_df = pd.DataFrame(results)"
   ]
  },
  {
   "cell_type": "code",
   "execution_count": 250,
   "id": "3d16820c",
   "metadata": {},
   "outputs": [],
   "source": [
    "results_df_sorted_f1 = results_df.sort_values(\"f1\", ascending=False)\n",
    "\n",
    "# Save metrics to file\n",
    "results_df_sorted_f1.to_csv(\n",
    "    f\"{out_dir.parent}/metrics.csv\",\n",
    "    index=False\n",
    ")"
   ]
  },
  {
   "cell_type": "code",
   "execution_count": 251,
   "id": "c031fe8d",
   "metadata": {},
   "outputs": [
    {
     "data": {
      "text/html": [
       "<div>\n",
       "<style scoped>\n",
       "    .dataframe tbody tr th:only-of-type {\n",
       "        vertical-align: middle;\n",
       "    }\n",
       "\n",
       "    .dataframe tbody tr th {\n",
       "        vertical-align: top;\n",
       "    }\n",
       "\n",
       "    .dataframe thead th {\n",
       "        text-align: right;\n",
       "    }\n",
       "</style>\n",
       "<table border=\"1\" class=\"dataframe\">\n",
       "  <thead>\n",
       "    <tr style=\"text-align: right;\">\n",
       "      <th></th>\n",
       "      <th>model</th>\n",
       "      <th>accuracy</th>\n",
       "      <th>precision</th>\n",
       "      <th>recall</th>\n",
       "      <th>f1</th>\n",
       "      <th>total_wrong</th>\n",
       "      <th>hard_violations</th>\n",
       "      <th>soft_violations</th>\n",
       "      <th>hard_rate</th>\n",
       "      <th>soft_rate</th>\n",
       "      <th>temporal_score</th>\n",
       "    </tr>\n",
       "  </thead>\n",
       "  <tbody>\n",
       "    <tr>\n",
       "      <th>75</th>\n",
       "      <td>ensemble_aug_w100_full</td>\n",
       "      <td>0.998355</td>\n",
       "      <td>0.763793</td>\n",
       "      <td>0.948513</td>\n",
       "      <td>0.826444</td>\n",
       "      <td>232</td>\n",
       "      <td>20</td>\n",
       "      <td>202</td>\n",
       "      <td>0.086207</td>\n",
       "      <td>0.870690</td>\n",
       "      <td>0.609203</td>\n",
       "    </tr>\n",
       "    <tr>\n",
       "      <th>30</th>\n",
       "      <td>multiclass_aug_w100_full</td>\n",
       "      <td>0.998079</td>\n",
       "      <td>0.735316</td>\n",
       "      <td>0.946220</td>\n",
       "      <td>0.798918</td>\n",
       "      <td>271</td>\n",
       "      <td>24</td>\n",
       "      <td>233</td>\n",
       "      <td>0.088561</td>\n",
       "      <td>0.859779</td>\n",
       "      <td>0.582681</td>\n",
       "    </tr>\n",
       "    <tr>\n",
       "      <th>59</th>\n",
       "      <td>ensemble_aug_w10_full</td>\n",
       "      <td>0.997385</td>\n",
       "      <td>0.728288</td>\n",
       "      <td>0.922909</td>\n",
       "      <td>0.786436</td>\n",
       "      <td>367</td>\n",
       "      <td>5</td>\n",
       "      <td>283</td>\n",
       "      <td>0.013624</td>\n",
       "      <td>0.771117</td>\n",
       "      <td>0.625400</td>\n",
       "    </tr>\n",
       "    <tr>\n",
       "      <th>51</th>\n",
       "      <td>multiclass_aug_w10_full</td>\n",
       "      <td>0.995308</td>\n",
       "      <td>0.695040</td>\n",
       "      <td>0.924839</td>\n",
       "      <td>0.763093</td>\n",
       "      <td>661</td>\n",
       "      <td>44</td>\n",
       "      <td>406</td>\n",
       "      <td>0.066566</td>\n",
       "      <td>0.614221</td>\n",
       "      <td>0.606966</td>\n",
       "    </tr>\n",
       "    <tr>\n",
       "      <th>67</th>\n",
       "      <td>ensemble_full_w100_full</td>\n",
       "      <td>0.925606</td>\n",
       "      <td>0.558506</td>\n",
       "      <td>0.890635</td>\n",
       "      <td>0.643421</td>\n",
       "      <td>10494</td>\n",
       "      <td>1150</td>\n",
       "      <td>9160</td>\n",
       "      <td>0.109586</td>\n",
       "      <td>0.872880</td>\n",
       "      <td>0.414052</td>\n",
       "    </tr>\n",
       "    <tr>\n",
       "      <th>47</th>\n",
       "      <td>multiclass_full_w100_full</td>\n",
       "      <td>0.921530</td>\n",
       "      <td>0.510400</td>\n",
       "      <td>0.906095</td>\n",
       "      <td>0.605844</td>\n",
       "      <td>11069</td>\n",
       "      <td>1735</td>\n",
       "      <td>9038</td>\n",
       "      <td>0.156744</td>\n",
       "      <td>0.816515</td>\n",
       "      <td>0.364169</td>\n",
       "    </tr>\n",
       "    <tr>\n",
       "      <th>8</th>\n",
       "      <td>multiclass_reduced_w100_full</td>\n",
       "      <td>0.918581</td>\n",
       "      <td>0.502651</td>\n",
       "      <td>0.882732</td>\n",
       "      <td>0.595732</td>\n",
       "      <td>11484</td>\n",
       "      <td>2026</td>\n",
       "      <td>9137</td>\n",
       "      <td>0.176419</td>\n",
       "      <td>0.795629</td>\n",
       "      <td>0.348397</td>\n",
       "    </tr>\n",
       "    <tr>\n",
       "      <th>57</th>\n",
       "      <td>ensemble_reduced_w100_full</td>\n",
       "      <td>0.922551</td>\n",
       "      <td>0.499106</td>\n",
       "      <td>0.908442</td>\n",
       "      <td>0.587340</td>\n",
       "      <td>10925</td>\n",
       "      <td>1713</td>\n",
       "      <td>8978</td>\n",
       "      <td>0.156796</td>\n",
       "      <td>0.821785</td>\n",
       "      <td>0.344585</td>\n",
       "    </tr>\n",
       "    <tr>\n",
       "      <th>105</th>\n",
       "      <td>ensemble_aug_w100_1000b1000a</td>\n",
       "      <td>0.968269</td>\n",
       "      <td>0.505087</td>\n",
       "      <td>0.947192</td>\n",
       "      <td>0.582602</td>\n",
       "      <td>4473</td>\n",
       "      <td>1420</td>\n",
       "      <td>2894</td>\n",
       "      <td>0.317460</td>\n",
       "      <td>0.646993</td>\n",
       "      <td>0.294473</td>\n",
       "    </tr>\n",
       "    <tr>\n",
       "      <th>56</th>\n",
       "      <td>ensemble_aug_w10_1000b1000a</td>\n",
       "      <td>0.969503</td>\n",
       "      <td>0.514185</td>\n",
       "      <td>0.976289</td>\n",
       "      <td>0.576099</td>\n",
       "      <td>4302</td>\n",
       "      <td>735</td>\n",
       "      <td>3252</td>\n",
       "      <td>0.170851</td>\n",
       "      <td>0.755927</td>\n",
       "      <td>0.339488</td>\n",
       "    </tr>\n",
       "  </tbody>\n",
       "</table>\n",
       "</div>"
      ],
      "text/plain": [
       "                            model  accuracy  precision    recall        f1  \\\n",
       "75         ensemble_aug_w100_full  0.998355   0.763793  0.948513  0.826444   \n",
       "30       multiclass_aug_w100_full  0.998079   0.735316  0.946220  0.798918   \n",
       "59          ensemble_aug_w10_full  0.997385   0.728288  0.922909  0.786436   \n",
       "51        multiclass_aug_w10_full  0.995308   0.695040  0.924839  0.763093   \n",
       "67        ensemble_full_w100_full  0.925606   0.558506  0.890635  0.643421   \n",
       "47      multiclass_full_w100_full  0.921530   0.510400  0.906095  0.605844   \n",
       "8    multiclass_reduced_w100_full  0.918581   0.502651  0.882732  0.595732   \n",
       "57     ensemble_reduced_w100_full  0.922551   0.499106  0.908442  0.587340   \n",
       "105  ensemble_aug_w100_1000b1000a  0.968269   0.505087  0.947192  0.582602   \n",
       "56    ensemble_aug_w10_1000b1000a  0.969503   0.514185  0.976289  0.576099   \n",
       "\n",
       "     total_wrong  hard_violations  soft_violations  hard_rate  soft_rate  \\\n",
       "75           232               20              202   0.086207   0.870690   \n",
       "30           271               24              233   0.088561   0.859779   \n",
       "59           367                5              283   0.013624   0.771117   \n",
       "51           661               44              406   0.066566   0.614221   \n",
       "67         10494             1150             9160   0.109586   0.872880   \n",
       "47         11069             1735             9038   0.156744   0.816515   \n",
       "8          11484             2026             9137   0.176419   0.795629   \n",
       "57         10925             1713             8978   0.156796   0.821785   \n",
       "105         4473             1420             2894   0.317460   0.646993   \n",
       "56          4302              735             3252   0.170851   0.755927   \n",
       "\n",
       "     temporal_score  \n",
       "75         0.609203  \n",
       "30         0.582681  \n",
       "59         0.625400  \n",
       "51         0.606966  \n",
       "67         0.414052  \n",
       "47         0.364169  \n",
       "8          0.348397  \n",
       "57         0.344585  \n",
       "105        0.294473  \n",
       "56         0.339488  "
      ]
     },
     "execution_count": 251,
     "metadata": {},
     "output_type": "execute_result"
    }
   ],
   "source": [
    "results_df_sorted_f1.head(10)"
   ]
  },
  {
   "cell_type": "code",
   "execution_count": 252,
   "id": "024a3c72",
   "metadata": {},
   "outputs": [
    {
     "data": {
      "text/html": [
       "<div>\n",
       "<style scoped>\n",
       "    .dataframe tbody tr th:only-of-type {\n",
       "        vertical-align: middle;\n",
       "    }\n",
       "\n",
       "    .dataframe tbody tr th {\n",
       "        vertical-align: top;\n",
       "    }\n",
       "\n",
       "    .dataframe thead th {\n",
       "        text-align: right;\n",
       "    }\n",
       "</style>\n",
       "<table border=\"1\" class=\"dataframe\">\n",
       "  <thead>\n",
       "    <tr style=\"text-align: right;\">\n",
       "      <th></th>\n",
       "      <th>model</th>\n",
       "      <th>accuracy</th>\n",
       "      <th>precision</th>\n",
       "      <th>recall</th>\n",
       "      <th>f1</th>\n",
       "      <th>total_wrong</th>\n",
       "      <th>hard_violations</th>\n",
       "      <th>soft_violations</th>\n",
       "      <th>hard_rate</th>\n",
       "      <th>soft_rate</th>\n",
       "      <th>temporal_score</th>\n",
       "    </tr>\n",
       "  </thead>\n",
       "  <tbody>\n",
       "    <tr>\n",
       "      <th>59</th>\n",
       "      <td>ensemble_aug_w10_full</td>\n",
       "      <td>0.997385</td>\n",
       "      <td>0.728288</td>\n",
       "      <td>0.922909</td>\n",
       "      <td>0.786436</td>\n",
       "      <td>367</td>\n",
       "      <td>5</td>\n",
       "      <td>283</td>\n",
       "      <td>0.013624</td>\n",
       "      <td>0.771117</td>\n",
       "      <td>0.625400</td>\n",
       "    </tr>\n",
       "    <tr>\n",
       "      <th>75</th>\n",
       "      <td>ensemble_aug_w100_full</td>\n",
       "      <td>0.998355</td>\n",
       "      <td>0.763793</td>\n",
       "      <td>0.948513</td>\n",
       "      <td>0.826444</td>\n",
       "      <td>232</td>\n",
       "      <td>20</td>\n",
       "      <td>202</td>\n",
       "      <td>0.086207</td>\n",
       "      <td>0.870690</td>\n",
       "      <td>0.609203</td>\n",
       "    </tr>\n",
       "    <tr>\n",
       "      <th>51</th>\n",
       "      <td>multiclass_aug_w10_full</td>\n",
       "      <td>0.995308</td>\n",
       "      <td>0.695040</td>\n",
       "      <td>0.924839</td>\n",
       "      <td>0.763093</td>\n",
       "      <td>661</td>\n",
       "      <td>44</td>\n",
       "      <td>406</td>\n",
       "      <td>0.066566</td>\n",
       "      <td>0.614221</td>\n",
       "      <td>0.606966</td>\n",
       "    </tr>\n",
       "    <tr>\n",
       "      <th>30</th>\n",
       "      <td>multiclass_aug_w100_full</td>\n",
       "      <td>0.998079</td>\n",
       "      <td>0.735316</td>\n",
       "      <td>0.946220</td>\n",
       "      <td>0.798918</td>\n",
       "      <td>271</td>\n",
       "      <td>24</td>\n",
       "      <td>233</td>\n",
       "      <td>0.088561</td>\n",
       "      <td>0.859779</td>\n",
       "      <td>0.582681</td>\n",
       "    </tr>\n",
       "    <tr>\n",
       "      <th>67</th>\n",
       "      <td>ensemble_full_w100_full</td>\n",
       "      <td>0.925606</td>\n",
       "      <td>0.558506</td>\n",
       "      <td>0.890635</td>\n",
       "      <td>0.643421</td>\n",
       "      <td>10494</td>\n",
       "      <td>1150</td>\n",
       "      <td>9160</td>\n",
       "      <td>0.109586</td>\n",
       "      <td>0.872880</td>\n",
       "      <td>0.414052</td>\n",
       "    </tr>\n",
       "    <tr>\n",
       "      <th>47</th>\n",
       "      <td>multiclass_full_w100_full</td>\n",
       "      <td>0.921530</td>\n",
       "      <td>0.510400</td>\n",
       "      <td>0.906095</td>\n",
       "      <td>0.605844</td>\n",
       "      <td>11069</td>\n",
       "      <td>1735</td>\n",
       "      <td>9038</td>\n",
       "      <td>0.156744</td>\n",
       "      <td>0.816515</td>\n",
       "      <td>0.364169</td>\n",
       "    </tr>\n",
       "    <tr>\n",
       "      <th>8</th>\n",
       "      <td>multiclass_reduced_w100_full</td>\n",
       "      <td>0.918581</td>\n",
       "      <td>0.502651</td>\n",
       "      <td>0.882732</td>\n",
       "      <td>0.595732</td>\n",
       "      <td>11484</td>\n",
       "      <td>2026</td>\n",
       "      <td>9137</td>\n",
       "      <td>0.176419</td>\n",
       "      <td>0.795629</td>\n",
       "      <td>0.348397</td>\n",
       "    </tr>\n",
       "    <tr>\n",
       "      <th>57</th>\n",
       "      <td>ensemble_reduced_w100_full</td>\n",
       "      <td>0.922551</td>\n",
       "      <td>0.499106</td>\n",
       "      <td>0.908442</td>\n",
       "      <td>0.587340</td>\n",
       "      <td>10925</td>\n",
       "      <td>1713</td>\n",
       "      <td>8978</td>\n",
       "      <td>0.156796</td>\n",
       "      <td>0.821785</td>\n",
       "      <td>0.344585</td>\n",
       "    </tr>\n",
       "    <tr>\n",
       "      <th>56</th>\n",
       "      <td>ensemble_aug_w10_1000b1000a</td>\n",
       "      <td>0.969503</td>\n",
       "      <td>0.514185</td>\n",
       "      <td>0.976289</td>\n",
       "      <td>0.576099</td>\n",
       "      <td>4302</td>\n",
       "      <td>735</td>\n",
       "      <td>3252</td>\n",
       "      <td>0.170851</td>\n",
       "      <td>0.755927</td>\n",
       "      <td>0.339488</td>\n",
       "    </tr>\n",
       "    <tr>\n",
       "      <th>105</th>\n",
       "      <td>ensemble_aug_w100_1000b1000a</td>\n",
       "      <td>0.968269</td>\n",
       "      <td>0.505087</td>\n",
       "      <td>0.947192</td>\n",
       "      <td>0.582602</td>\n",
       "      <td>4473</td>\n",
       "      <td>1420</td>\n",
       "      <td>2894</td>\n",
       "      <td>0.317460</td>\n",
       "      <td>0.646993</td>\n",
       "      <td>0.294473</td>\n",
       "    </tr>\n",
       "  </tbody>\n",
       "</table>\n",
       "</div>"
      ],
      "text/plain": [
       "                            model  accuracy  precision    recall        f1  \\\n",
       "59          ensemble_aug_w10_full  0.997385   0.728288  0.922909  0.786436   \n",
       "75         ensemble_aug_w100_full  0.998355   0.763793  0.948513  0.826444   \n",
       "51        multiclass_aug_w10_full  0.995308   0.695040  0.924839  0.763093   \n",
       "30       multiclass_aug_w100_full  0.998079   0.735316  0.946220  0.798918   \n",
       "67        ensemble_full_w100_full  0.925606   0.558506  0.890635  0.643421   \n",
       "47      multiclass_full_w100_full  0.921530   0.510400  0.906095  0.605844   \n",
       "8    multiclass_reduced_w100_full  0.918581   0.502651  0.882732  0.595732   \n",
       "57     ensemble_reduced_w100_full  0.922551   0.499106  0.908442  0.587340   \n",
       "56    ensemble_aug_w10_1000b1000a  0.969503   0.514185  0.976289  0.576099   \n",
       "105  ensemble_aug_w100_1000b1000a  0.968269   0.505087  0.947192  0.582602   \n",
       "\n",
       "     total_wrong  hard_violations  soft_violations  hard_rate  soft_rate  \\\n",
       "59           367                5              283   0.013624   0.771117   \n",
       "75           232               20              202   0.086207   0.870690   \n",
       "51           661               44              406   0.066566   0.614221   \n",
       "30           271               24              233   0.088561   0.859779   \n",
       "67         10494             1150             9160   0.109586   0.872880   \n",
       "47         11069             1735             9038   0.156744   0.816515   \n",
       "8          11484             2026             9137   0.176419   0.795629   \n",
       "57         10925             1713             8978   0.156796   0.821785   \n",
       "56          4302              735             3252   0.170851   0.755927   \n",
       "105         4473             1420             2894   0.317460   0.646993   \n",
       "\n",
       "     temporal_score  \n",
       "59         0.625400  \n",
       "75         0.609203  \n",
       "51         0.606966  \n",
       "30         0.582681  \n",
       "67         0.414052  \n",
       "47         0.364169  \n",
       "8          0.348397  \n",
       "57         0.344585  \n",
       "56         0.339488  \n",
       "105        0.294473  "
      ]
     },
     "execution_count": 252,
     "metadata": {},
     "output_type": "execute_result"
    }
   ],
   "source": [
    "results_df_sorted_temp = results_df.sort_values(\"temporal_score\", ascending=False)\n",
    "\n",
    "results_df_sorted_temp.head(10)"
   ]
  }
 ],
 "metadata": {
  "kernelspec": {
   "display_name": "deepchronos",
   "language": "python",
   "name": "python3"
  },
  "language_info": {
   "codemirror_mode": {
    "name": "ipython",
    "version": 3
   },
   "file_extension": ".py",
   "mimetype": "text/x-python",
   "name": "python",
   "nbconvert_exporter": "python",
   "pygments_lexer": "ipython3",
   "version": "3.10.19"
  }
 },
 "nbformat": 4,
 "nbformat_minor": 5
}
